-0.90236,-0.5795,0.3199
-0.90715,-0.57049,0.31863
-0.91084,-0.56353,0.31448
-0.91371,-0.55816,0.30811
-0.91607,-0.55361,0.30054
-0.91823,-0.54931,0.29258
-0.92036,-0.54488,0.28474
-0.9226,-0.54003,0.27742
-0.92509,-0.5345,0.27098
-0.92791,-0.52815,0.26564
-0.93107,-0.52093,0.26145
-0.93451,-0.513,0.25818
-0.93805,-0.50463,0.25546
-0.94157,-0.49613,0.25287
-0.94493,-0.48771,0.25008
-0.9481,-0.47954,0.24693
-0.95106,-0.47157,0.24342
-0.95388,-0.46371,0.23972
-0.95664,-0.45581,0.23601
-0.95936,-0.44773,0.23248
-0.96211,-0.43941,0.22922
-0.96487,-0.43086,0.22622
-0.96758,-0.42216,0.22334
-0.97019,-0.41349,0.22038
-0.97261,-0.40501,0.2171
-0.97478,-0.39691,0.21326
-0.97665,-0.38931,0.20869
-0.9782,-0.38229,0.2033
-0.97943,-0.37583,0.19711
-0.98036,-0.36984,0.19022
-0.98106,-0.36421,0.1828
-0.98156,-0.35878,0.17505
-0.98195,-0.3534,0.16719
-0.98227,-0.34794,0.15935
-0.98255,-0.34236,0.15163
-0.98278,-0.33662,0.14404
-0.98294,-0.33081,0.13651
-0.98299,-0.32501,0.12889
-0.98288,-0.31935,0.12101
-0.98253,-0.31394,0.11272
-0.98191,-0.30887,0.10389
-0.981,-0.30414,0.094525
-0.97981,-0.29971,0.084674
-0.97841,-0.29539,0.074574
-0.97691,-0.29098,0.064503
-0.97546,-0.2862,0.054848
-0.97422,-0.28077,0.046045
-0.97335,-0.27442,0.038456
-0.97298,-0.26696,0.032374
-0.97314,-0.25831,0.027911
-0.97382,-0.2485,0.024995
-0.97487,-0.23773,0.023354
-0.97611,-0.22632,0.022527
-0.97731,-0.21466,0.021949
-0.97825,-0.20315,0.021038
-0.97877,-0.19218,0.019287
-0.97876,-0.182,0.016369
-0.97821,-0.17269,0.012175
-0.97717,-0.16415,0.0068479
-0.97573,-0.15618,0.00066544
-0.97401,-0.14852,-0.0060263
-0.9721,-0.14096,-0.012931
-0.97004,-0.13342,-0.019966
-0.96779,-0.12598,-0.027207
-0.9653,-0.11871,-0.034799
-0.96258,-0.1116,-0.042678
-0.95978,-0.10431,-0.050421
-0.95722,-0.096211,-0.057146
-0.95525,-0.086626,-0.06191
-0.95411,-0.075024,-0.063968
-0.95206,-0.090578,-0.070445
-0.95257,-0.10768,-0.069564
-0.95452,-0.12566,-0.064111
-0.95618,-0.14351,-0.05844
-0.95688,-0.16077,-0.054424
-0.95653,-0.17744,-0.052469
-0.9552,-0.19354,-0.052507
-0.95302,-0.20915,-0.054194
-0.95025,-0.22442,-0.056886
-0.9472,-0.23953,-0.05964
-0.94422,-0.25473,-0.061526
-0.94153,-0.27008,-0.061839
-0.93921,-0.28568,-0.060439
-0.93709,-0.30143,-0.057678
-0.93493,-0.31717,-0.054292
-0.93242,-0.33272,-0.051208
-0.9293,-0.34792,-0.049212
-0.92544,-0.36268,-0.048815
-0.92081,-0.37699,-0.050128
-0.91549,-0.3909,-0.052887
-0.90966,-0.40451,-0.056544
-0.90352,-0.41795,-0.060473
-0.89725,-0.43134,-0.06408
-0.89102,-0.44476,-0.066962
-0.88486,-0.45824,-0.068943
-0.87878,-0.47178,-0.070111
-0.87267,-0.48531,-0.070726
-0.8664,-0.49877,-0.071189
-0.85983,-0.51206,-0.071891
-0.85287,-0.52513,-0.073181
-0.84542,-0.53792,-0.075252
-0.83748,-0.55043,-0.078165
-0.82908,-0.56268,-0.081786
-0.82028,-0.5747,-0.085881
-0.81121,-0.58657,-0.090131
-0.80197,-0.59836,-0.094177
-0.79268,-0.61014,-0.097719
-0.78346,-0.62196,-0.10052
-0.77431,-0.63385,-0.10244
-0.76528,-0.64582,-0.10347
-0.75633,-0.65786,-0.1037
-0.7474,-0.66991,-0.10328
-0.73842,-0.68196,-0.10243
-0.7293,-0.69393,-0.10136
-0.71995,-0.70579,-0.10026
-0.71035,-0.7175,-0.099271
-0.70045,-0.72906,-0.098451
-0.69027,-0.74045,-0.097787
-0.67983,-0.75172,-0.09716
-0.66922,-0.76289,-0.096393
-0.6585,-0.77401,-0.095264
-0.64774,-0.78513,-0.093578
-0.637,-0.79627,-0.091191
-0.62627,-0.80745,-0.088127
-0.61545,-0.81857,-0.084569
-0.60441,-0.82958,-0.080923
-0.59294,-0.84035,-0.077708
-0.58084,-0.85076,-0.075499
-0.56797,-0.86074,-0.074634
-0.55434,-0.8703,-0.075045
-0.54016,-0.8795,-0.076135
-0.5258,-0.88864,-0.076888
-0.51163,-0.89791,-0.076326
-0.49773,-0.90736,-0.074214
-0.4837,-0.91677,-0.0716
-0.46875,-0.92562,-0.07053
-0.45208,-0.93351,-0.072934
-0.43341,-0.9402,-0.079257
-0.41336,-0.94613,-0.087588
-0.42353,-0.94588,-0.077374
-0.43264,-0.94679,-0.065053
-0.44189,-0.94693,-0.053776
-0.45187,-0.94544,-0.044968
-0.46271,-0.94224,-0.0388
-0.4741,-0.9378,-0.034529
-0.48558,-0.93282,-0.030968
-0.49676,-0.92793,-0.027107
-0.50742,-0.92347,-0.022383
-0.51756,-0.91951,-0.016728
-0.52725,-0.91591,-0.010353
-0.53662,-0.91249,-0.0035374
-0.54576,-0.90912,0.0034831
-0.55472,-0.9057,0.010542
-0.56356,-0.90217,0.017543
-0.57232,-0.89845,0.024378
-0.58106,-0.89448,0.030907
-0.58982,-0.89015,0.036973
-0.59869,-0.88542,0.04247
-0.60764,-0.88023,0.047366
-0.61669,-0.87466,0.051711
-0.62574,-0.86876,0.055677
-0.63472,-0.8627,0.05946
-0.64357,-0.8566,0.063298
-0.6522,-0.85056,0.067334
-0.66061,-0.84464,0.071637
-0.66881,-0.83879,0.07618
-0.67684,-0.83294,0.080855
-0.68477,-0.82701,0.08547
-0.69268,-0.82089,0.089867
-0.70059,-0.81448,0.093906
-0.70853,-0.80776,0.097536
-0.71649,-0.80075,0.10081
-0.7244,-0.79356,0.10388
-0.73218,-0.78633,0.107
-0.73972,-0.77927,0.11046
-0.74692,-0.77258,0.11459
-0.75368,-0.76648,0.11973
-0.75992,-0.76113,0.12613
-0.76556,-0.75666,0.13396
-0.77058,-0.75305,0.14328
-0.77501,-0.75027,0.15398
-0.77889,-0.74815,0.16583
-0.78233,-0.74643,0.17847
-0.78547,-0.74486,0.19145
-0.78851,-0.7431,0.20429
-0.79164,-0.7409,0.21648
-0.79504,-0.73796,0.22767
-0.79887,-0.73418,0.23751
-0.80318,-0.72946,0.24589
-0.80802,-0.7238,0.25278
-0.81333,-0.71727,0.25829
-0.81904,-0.70999,0.26264
-0.82502,-0.70211,0.26607
-0.83121,-0.69376,0.2688
-0.83746,-0.68508,0.27106
-0.84372,-0.67618,0.27307
-0.84988,-0.66719,0.27502
-0.85587,-0.65825,0.27715
-0.86161,-0.6495,0.27965
-0.86703,-0.64103,0.28271
-0.87211,-0.63294,0.28644
-0.87683,-0.62521,0.29085
-0.88126,-0.6178,0.29583
-0.88545,-0.61056,0.3012
-0.88951,-0.6034,0.3067
-0.89349,-0.59611,0.31213
-0.8976,-0.58845,0.317
