0,0,1
-0.0043624,0.0079184,0.99996
-0.0074396,0.016808,0.99983
-0.0098469,0.026203,0.99961
-0.012057,0.035748,0.99929
-0.014411,0.045183,0.99887
-0.017131,0.054343,0.99838
-0.020337,0.063135,0.9978
-0.024069,0.071529,0.99715
-0.028307,0.079542,0.99643
-0.03299,0.087217,0.99564
-0.038037,0.094619,0.99479
-0.043356,0.10181,0.99386
-0.048856,0.10887,0.99285
-0.054453,0.11586,0.99177
-0.060073,0.12283,0.99061
-0.065655,0.12982,0.98936
-0.071146,0.13689,0.98803
-0.076504,0.14406,0.98661
-0.081697,0.15135,0.9851
-0.086699,0.15878,0.9835
-0.091496,0.16637,0.98181
-0.096078,0.17413,0.98003
-0.10045,0.18204,0.97815
-0.10462,0.1901,0.97617
-0.10861,0.1983,0.97411
-0.11247,0.2066,0.97194
-0.11623,0.21497,0.96968
-0.11995,0.22337,0.96732
-0.12371,0.23175,0.96488
-0.12757,0.24005,0.96234
-0.1316,0.24821,0.95972
-0.13589,0.25619,0.95703
-0.14051,0.26391,0.95426
-0.14552,0.27134,0.95142
-0.15096,0.27844,0.94851
-0.15689,0.28518,0.94555
-0.16333,0.29153,0.94251
-0.17028,0.2975,0.93942
-0.17773,0.30308,0.93625
-0.18565,0.30831,0.93299
-0.194,0.31321,0.92966
-0.20273,0.31783,0.92622
-0.21177,0.32222,0.92267
-0.22102,0.32644,0.91901
-0.23042,0.33056,0.91523
-0.23986,0.33464,0.91131
-0.24925,0.33876,0.90726
-0.2585,0.34299,0.90307
-0.26751,0.34739,0.89875
-0.2762,0.35204,0.8943
-0.2845,0.35699,0.88973
-0.29232,0.36229,0.88504
-0.29962,0.36799,0.88023
-0.30636,0.37411,0.87532
-0.31252,0.38067,0.8703
-0.3181,0.38767,0.86517
-0.3231,0.3951,0.85994
-0.32759,0.40293,0.8546
-0.3316,0.41112,0.84913
-0.3352,0.41961,0.84355
-0.33849,0.42834,0.83783
-0.34155,0.43724,0.83196
-0.34448,0.44624,0.82596
-0.3474,0.45525,0.81979
-0.35047,0.46414,0.81348
-0.35393,0.47274,0.807
-0.35819,0.48074,0.80037
-0.3639,0.48764,0.79359
-0.37216,0.49261,0.78666
-0.37717,0.47991,0.79211
-0.38357,0.46808,0.7961
-0.38982,0.45615,0.79998
-0.39525,0.44372,0.80429
-0.39975,0.4307,0.80913
-0.40354,0.41724,0.81428
-0.40703,0.4036,0.81941
-0.41063,0.39002,0.82417
-0.41474,0.37676,0.82828
-0.41965,0.364,0.8315
-0.42556,0.35186,0.83372
-0.43256,0.3404,0.83488
-0.44067,0.32964,0.83495
-0.44984,0.31953,0.83399
-0.45996,0.31001,0.83206
-0.47091,0.30101,0.82924
-0.48254,0.29243,0.82561
-0.4947,0.28419,0.82128
-0.50726,0.27618,0.81634
-0.52007,0.26834,0.81088
-0.53301,0.26058,0.80498
-0.54599,0.25285,0.79872
-0.55891,0.24507,0.79218
-0.57169,0.23721,0.78543
-0.58427,0.22922,0.77852
-0.59658,0.22107,0.77151
-0.60858,0.21272,0.76445
-0.62022,0.20415,0.7574
-0.63146,0.19533,0.75041
-0.64226,0.18624,0.74352
-0.65259,0.17686,0.73678
-0.66241,0.16715,0.73025
-0.67169,0.15711,0.72398
-0.68037,0.1467,0.71803
-0.68842,0.13589,0.71246
-0.6958,0.12467,0.70733
-0.70247,0.113,0.70269
-0.70838,0.10087,0.69858
-0.71353,0.088251,0.69505
-0.71788,0.075146,0.6921
-0.72146,0.061557,0.68971
-0.72429,0.047501,0.68786
-0.72643,0.033013,0.68645
-0.72796,0.018147,0.68538
-0.72899,0.0029733,0.68452
-0.72968,-0.012418,0.68368
-0.73018,-0.027922,0.68269
-0.73069,-0.043423,0.68133
-0.7314,-0.058797,0.67941
-0.73251,-0.073925,0.67673
-0.73419,-0.088693,0.67312
-0.73661,-0.10301,0.66843
-0.73986,-0.1168,0.66255
-0.744,-0.13004,0.6554
-0.74904,-0.14272,0.64697
-0.75489,-0.15489,0.63729
-0.76145,-0.16663,0.62644
-0.76854,-0.17803,0.61453
-0.77598,-0.18922,0.6017
-0.78359,-0.2003,0.58811
-0.79123,-0.21136,0.57383
-0.79887,-0.22242,0.55887
-0.80656,-0.23345,0.5431
-0.81451,-0.24432,0.5262
-0.82298,-0.25486,0.50769
-0.83225,-0.26491,0.48701
-0.84237,-0.27442,0.46379
-0.85281,-0.28374,0.43841
-0.86185,-0.29393,0.4133
-0.84798,-0.29373,0.4412
-0.83532,-0.28995,0.46708
-0.82329,-0.28436,0.49126
-0.81146,-0.27817,0.51397
-0.79957,-0.27213,0.53538
-0.7875,-0.26665,0.55565
-0.77517,-0.26191,0.5749
-0.76258,-0.25794,0.59324
-0.74975,-0.25467,0.61075
-0.73671,-0.25202,0.62749
-0.72349,-0.24991,0.64351
-0.71011,-0.24824,0.65887
-0.69661,-0.24695,0.67361
-0.68301,-0.24595,0.68776
-0.66933,-0.24518,0.70135
-0.6556,-0.24454,0.71441
-0.64186,-0.24395,0.72698
-0.62815,-0.24327,0.73909
-0.61451,-0.24236,0.75075
-0.60101,-0.24109,0.76202
-0.58768,-0.23928,0.7729
-0.57459,-0.23679,0.78344
-0.56178,-0.23346,0.79366
-0.54929,-0.2292,0.80359
-0.53715,-0.22392,0.81323
-0.52536,-0.21758,0.82259
-0.51393,-0.21021,0.83168
-0.50283,-0.20188,0.84048
-0.49202,-0.19271,0.84899
-0.48143,-0.18285,0.8572
-0.47101,-0.17252,0.86509
-0.46068,-0.16193,0.87267
-0.45035,-0.15133,0.87993
-0.43995,-0.14096,0.88689
-0.42939,-0.13104,0.89356
-0.41861,-0.12175,0.89997
-0.40756,-0.11326,0.90613
-0.39621,-0.10566,0.91206
-0.38453,-0.099025,0.91779
-0.37252,-0.093345,0.92332
-0.36021,-0.088582,0.92866
-0.3476,-0.084652,0.93381
-0.33475,-0.081443,0.93878
-0.3217,-0.078825,0.94355
-0.3085,-0.076662,0.94813
-0.29518,-0.074829,0.95251
-0.28179,-0.073215,0.95668
-0.26835,-0.07174,0.96065
-0.25488,-0.070351,0.96441
-0.24138,-0.069026,0.96797
-0.22787,-0.06777,0.97133
-0.21432,-0.066603,0.97449
-0.20074,-0.06555,0.97745
-0.18711,-0.064629,0.98021
-0.17344,-0.063835,0.98277
-0.15973,-0.063132,0.98514
-0.14603,-0.062442,0.98731
-0.13235,-0.061645,0.98928
-0.11877,-0.060584,0.99107
-0.10534,-0.059075,0.99268
-0.092134,-0.056923,0.99412
-0.079209,-0.053937,0.9954
-0.066626,-0.04995,0.99653
-0.054429,-0.044827,0.99751
-0.042653,-0.038473,0.99835
-0.031318,-0.030824,0.99903
-0.020438,-0.021842,0.99955
-0.01001,-0.011532,0.99988
