0.3162,0.10104,-1.1842
0.31507,0.091097,-1.1818
0.31135,0.083673,-1.1786
0.30564,0.078176,-1.1747
0.29888,0.073733,-1.1705
0.29178,0.069647,-1.1661
0.28484,0.065462,-1.1616
0.27841,0.060835,-1.1572
0.27281,0.055455,-1.153
0.26825,0.049127,-1.149
0.26476,0.041817,-1.1452
0.26214,0.033712,-1.1416
0.26006,0.025145,-1.1381
0.25813,0.016483,-1.1346
0.25607,0.0079959,-1.1309
0.25371,-0.0001546,-1.127
0.25107,-0.0079891,-1.123
0.24828,-0.015639,-1.1189
0.24552,-0.023276,-1.1146
0.24297,-0.031053,-1.1104
0.24071,-0.039059,-1.1061
0.23872,-0.047273,-1.1018
0.2369,-0.055581,-1.0975
0.23503,-0.063805,-1.0931
0.23291,-0.071736,-1.0885
0.2303,-0.07917,-1.0837
0.22705,-0.085966,-1.0786
0.22308,-0.092051,-1.0733
0.21839,-0.097433,-1.0678
0.21309,-0.1022,-1.062
0.20734,-0.10651,-1.0561
0.20132,-0.11051,-1.0499
0.19523,-0.1144,-1.0437
0.18921,-0.11831,-1.0374
0.18334,-0.1223,-1.031
0.17764,-0.12639,-1.0246
0.17203,-0.13051,-1.0181
0.16638,-0.13454,-1.0115
0.16053,-0.13835,-1.0048
0.15436,-0.14177,-0.99784
0.14773,-0.14473,-0.99067
0.14067,-0.1472,-0.98326
0.13322,-0.14922,-0.97561
0.12561,-0.15101,-0.96777
0.11808,-0.15281,-0.95982
0.11097,-0.15497,-0.95188
0.10469,-0.15784,-0.94408
0.099542,-0.16176,-0.93655
0.095786,-0.16697,-0.92937
0.093519,-0.17359,-0.92259
0.092681,-0.18155,-0.91618
0.093038,-0.19059,-0.91004
0.094187,-0.20033,-0.90401
0.09563,-0.21026,-0.89792
0.09684,-0.21988,-0.89159
0.097348,-0.22876,-0.88492
0.096854,-0.2366,-0.87781
0.095243,-0.24333,-0.87028
0.09265,-0.24905,-0.86235
0.089324,-0.25402,-0.85409
0.085584,-0.25853,-0.84561
0.081708,-0.26284,-0.83695
0.07777,-0.26702,-0.82814
0.073699,-0.271,-0.81917
0.069375,-0.27466,-0.80998
0.064847,-0.27804,-0.80059
0.060509,-0.28153,-0.7911
0.057159,-0.28588,-0.78177
0.055648,-0.29192,-0.77284
0.05666,-0.30027,-0.76452
0.048415,-0.28619,-0.76917
0.045444,-0.273,-0.7797
0.045834,-0.26034,-0.79372
0.04656,-0.24763,-0.80755
0.046297,-0.23468,-0.81966
0.044718,-0.22139,-0.82981
0.041855,-0.20782,-0.83808
0.037942,-0.19399,-0.84476
0.033429,-0.17999,-0.8504
0.029002,-0.16595,-0.85573
0.02531,-0.15195,-0.86154
0.022881,-0.13812,-0.86832
0.021797,-0.12445,-0.87624
0.021821,-0.11089,-0.88498
0.022424,-0.097372,-0.89396
0.022932,-0.083764,-0.90246
0.022775,-0.069981,-0.90986
0.021566,-0.055976,-0.91579
0.019217,-0.041726,-0.92018
0.015922,-0.02726,-0.92325
0.012079,-0.012654,-0.9254
0.008153,0.0020233,-0.92711
0.0045726,0.016706,-0.92884
0.001625,0.031343,-0.93094
-0.00055617,0.045904,-0.93351
-0.0020521,0.060411,-0.93652
-0.0030366,0.074885,-0.93975
-0.0038066,0.089382,-0.94289
-0.0046444,0.10394,-0.94563
-0.005805,0.11862,-0.9477
-0.0074231,0.13342,-0.94894
-0.0095453,0.14837,-0.94932
-0.012064,0.16344,-0.94891
-0.01481,0.17861,-0.94789
-0.017556,0.19384,-0.94653
-0.020037,0.20909,-0.94509
-0.022046,0.22432,-0.94384
-0.023419,0.23948,-0.94297
-0.024055,0.25459,-0.94258
-0.023948,0.26962,-0.9427
-0.023172,0.28459,-0.94327
-0.021823,0.29951,-0.94414
-0.020066,0.31442,-0.94516
-0.018037,0.32935,-0.94614
-0.015875,0.34431,-0.94691
-0.013683,0.35932,-0.94736
-0.011492,0.3744,-0.94745
-0.0093017,0.38953,-0.94718
-0.0070126,0.40473,-0.94664
-0.0045119,0.41994,-0.94599
-0.0016344,0.43514,-0.94539
0.0017595,0.45033,-0.94501
0.005768,0.46546,-0.94496
0.010374,0.48057,-0.94523
0.01547,0.49564,-0.94562
0.020751,0.51076,-0.94583
0.025866,0.52598,-0.94542
0.030398,0.54137,-0.94392
0.034115,0.55698,-0.94106
0.037069,0.57283,-0.93688
0.039708,0.58878,-0.93181
0.042727,0.60476,-0.92673
0.046828,0.62063,-0.92243
0.052173,0.63635,-0.91909
0.058028,0.65208,-0.91586
0.062975,0.66805,-0.911
0.065674,0.68455,-0.90288
0.06589,0.70163,-0.89098
0.065,0.7191,-0.87681
0.070249,0.71196,-0.88818
0.07756,0.70621,-0.90039
0.084041,0.69985,-0.9118
0.088362,0.69195,-0.92172
0.090335,0.68239,-0.93011
0.09065,0.67165,-0.93734
0.090405,0.66049,-0.94402
0.090528,0.64955,-0.95067
0.091539,0.63922,-0.95759
0.093483,0.6295,-0.96483
0.096171,0.62029,-0.97228
0.099344,0.61139,-0.9798
0.10278,0.60265,-0.98728
0.10633,0.59397,-0.99462
0.1099,0.58528,-1.0018
0.11339,0.57651,-1.0087
0.11667,0.56757,-1.0154
0.11959,0.55837,-1.0216
0.12205,0.54883,-1.0275
0.12403,0.53892,-1.0329
0.12556,0.5287,-1.0378
0.12682,0.51824,-1.0425
0.12797,0.50772,-1.0469
0.12924,0.49723,-1.0512
0.13075,0.48691,-1.0555
0.13256,0.4768,-1.0599
0.13466,0.46686,-1.0642
0.13694,0.45699,-1.0685
0.13922,0.44714,-1.0726
0.14135,0.43717,-1.0765
0.14323,0.42699,-1.0801
0.14479,0.41658,-1.0833
0.14608,0.40596,-1.0863
0.14725,0.39524,-1.089
0.14851,0.38456,-1.0916
0.15014,0.37414,-1.0943
0.15244,0.36415,-1.0973
0.15568,0.35483,-1.1008
0.1601,0.34632,-1.1048
0.16587,0.33875,-1.1096
0.17302,0.33212,-1.1151
0.18147,0.32641,-1.1212
0.19102,0.32145,-1.1278
0.20138,0.31702,-1.1348
0.21213,0.31286,-1.1417
0.22283,0.30862,-1.1484
0.233,0.30403,-1.1546
0.24232,0.29877,-1.1601
0.25044,0.29269,-1.1649
0.25726,0.28568,-1.1689
0.26273,0.27773,-1.172
0.26697,0.26891,-1.1743
0.27016,0.25935,-1.176
0.27254,0.24922,-1.1772
0.27431,0.23865,-1.1779
0.27571,0.2278,-1.1782
0.27693,0.21681,-1.1784
0.27815,0.20581,-1.1784
0.27958,0.19493,-1.1783
0.28141,0.18432,-1.1784
0.2838,0.17409,-1.1787
0.28685,0.16431,-1.1792
0.29058,0.15499,-1.18
0.29486,0.14604,-1.181
0.29954,0.13735,-1.1821
0.30439,0.12878,-1.1832
0.30923,0.12018,-1.1841
0.31359,0.11123,-1.1847
